T_TPD	CO2	CO
46.95493645472609	0.00017994250000000076	0.0004009465000000005
47.08635645051755	0.00017951650000000072	0.0004062680000000005
47.21890379917252	0.0001764070000000007	0.00038333150000000043
47.352575760681425	0.0001876245000000007	0.0003595295000000004
47.48736959824341	0.0001877520000000007	0.0003775640000000005
47.623282578266426	0.0001835880000000007	0.0003645150000000005
47.760311970367184	0.00017692750000000067	0.0003702255000000005
47.89845504737117	0.00016278450000000068	0.0003812025000000005
48.03770908531264	0.00015168300000000068	0.0003890825000000005
48.178071363434626	0.00013468450000000067	0.00038522350000000046
48.319539164188924	0.00015578100000000067	0.0003853695000000005
48.462109773236094	0.00016415400000000066	0.00037716100000000053
48.60578047944549	0.00016935150000000064	0.0003804710000000005
48.75054857489523	0.00018242400000000064	0.0003827115000000005
48.89641135487217	0.00017746500000000065	0.0003832930000000005
49.043366117872	0.00018152750000000062	0.00039918650000000044
49.19141016559912	0.00018880150000000063	0.00037776900000000046
49.34054080296674	0.00019070050000000063	0.00038535800000000047
49.49075533809683	0.0001805965000000006	0.0003764885000000004
49.64205108232014	0.00017578750000000058	0.00034964600000000044
49.79442535017616	0.0001700365000000006	0.0003352395000000004
49.94787545941319	0.00017535850000000057	0.0003288000000000004
50.10239873098828	0.00020405150000000062	0.0003465155000000004
50.25799248906725	0.00021358600000000063	0.0003659875000000004
50.41465406102471	0.00020953600000000062	0.0003608920000000004
50.572380777444025	0.00022059850000000065	0.0003575945000000004
50.73116997211733	0.00021316050000000066	0.00038335400000000036
50.89101898204554	0.00021585150000000064	0.0003844485000000003
51.05192514743834	0.00021331100000000064	0.0003807500000000004
51.21388581171418	0.00022137650000000062	0.0003717180000000003
51.37689832150029	0.00021657050000000063	0.00037656450000000036
51.54096002663266	0.00022758800000000068	0.00038126700000000035
51.706068280156074	0.00021740950000000066	0.00037424950000000033
51.87222043832406	0.00022732850000000066	0.00037686150000000037
52.03941386059892	0.00022044350000000065	0.00037794950000000037
52.20764590965176	0.00021101800000000064	0.00039053350000000037
52.37691395136241	0.00022418300000000066	0.0003963355000000004
52.547215354819514	0.00021263000000000065	0.0004099755000000004
52.71854749232046	0.00023616100000000065	0.00041093300000000037
52.890907739371414	0.00025345700000000066	0.0004059215000000004
53.064293474687325	0.00024175550000000068	0.0004063735000000004
53.2387020801919	0.0002344405000000007	0.0004119585000000004
53.4141309410176	0.0002175035000000007	0.0004149620000000004
53.590577445505716	0.0002106940000000007	0.00041067000000000035
53.768038985206246	0.00020964900000000072	0.00041364950000000037
53.94651295487799	0.0002051115000000007	0.00040599700000000033
54.12599675248852	0.00023951800000000068	0.00038924550000000036
54.306487779214166	0.0002407210000000007	0.00038513750000000036
54.48798343944006	0.0002440680000000007	0.0003739800000000004
54.67048114076006	0.00024258150000000073	0.0003823860000000004
54.85397829397683	0.00024377350000000074	0.0003893200000000004
55.03847231310179	0.00023345550000000075	0.00039590750000000036
55.22396061535514	0.00023879600000000075	0.0004115910000000004
55.41044062116584	0.00022155650000000072	0.0004289815000000003
55.59790975417164	0.00022945700000000075	0.00042219700000000035
55.78636544121903	0.00022574650000000074	0.0004246745000000004
55.97580511236332	0.00024932750000000075	0.0004176925000000004
56.166226200868536	0.00024926300000000076	0.0003767725000000004
56.357626143207504	0.00024292800000000073	0.00036468050000000037
56.55000237906184	0.00022435950000000072	0.0003613395000000004
56.74335235132189	0.00023862850000000072	0.00036581600000000036
56.937673506086796	0.0002232890000000007	0.0003724795000000004
57.13296329266447	0.0002063525000000007	0.0003618370000000004
57.329219163571594	0.0001863810000000007	0.0003538975000000004
57.526438574533614	0.0001901680000000007	0.0003719680000000004
57.724618984484756	0.0002097120000000007	0.00039246900000000043
57.92375785556801	0.0001839195000000007	0.0003805715000000004
58.12385265313516	0.00018446500000000068	0.0003775675000000004
58.324900845746726	0.00018877500000000067	0.00038279850000000044
58.526899905172016	0.0002173645000000007	0.0003697015000000004
58.72984730638912	0.00021586500000000069	0.00034874800000000045
58.93374052758488	0.00022912350000000068	0.00034275350000000044
59.13857705015492	0.00022281950000000068	0.0003387850000000004
59.34435435870364	0.00023754700000000069	0.00030657950000000046
59.551069941044204	0.00023186350000000067	0.00031078300000000046
59.758721288198544	0.0002429560000000007	0.0002896720000000005
59.96730589439737	0.0002205785000000007	0.0002905325000000005
60.176821257080164	0.0002369040000000007	0.00030832500000000046
60.38726487689517	0.00025109050000000064	0.0003110000000000005
60.598634257699416	0.0002594975000000007	0.00031262100000000056
60.81092690655869	0.00025506900000000067	0.0003242025000000005
61.02414033374757	0.00026013150000000064	0.00031347400000000054
61.23827205274937	0.00027742500000000063	0.00030931950000000056
61.45331958025622	0.0003078850000000007	0.00031008450000000057
61.66928043616899	0.0003018970000000006	0.0003029280000000006
61.88615214359732	0.0003124255000000007	0.00028090500000000056
62.10393222885965	0.0003297610000000007	0.00028104900000000055
62.32261822148316	0.0003297815000000007	0.0002691675000000005
62.54220765420382	0.00031764700000000065	0.0002602535000000005
62.762698062966365	0.0002949145000000007	0.00028388800000000053
62.9840869869243	0.0003117385000000007	0.0002900790000000005
63.206371968439896	0.00031285050000000065	0.00029008650000000055
63.42955055308422	0.00032501300000000073	0.00028759700000000055
63.653620289637075	0.0003114240000000007	0.0003037045000000005
63.87857873008707	0.0003273090000000007	0.00032126550000000054
64.10442342963157	0.0003172720000000007	0.00031082300000000054
64.33115194667667	0.0003276070000000007	0.0003176325000000005
64.55876184283733	0.0003175790000000007	0.00033225650000000045
64.7872506829372	0.0003202765000000007	0.0003473635000000005
65.01661603500874	0.0003372585000000007	0.00035255350000000047
65.24685547029316	0.0003508135000000007	0.00036364000000000047
65.47796656324046	0.0003670620000000007	0.00035202100000000043
65.70994689150939	0.0003642960000000007	0.0003652445000000004
65.9427940359675	0.00036145700000000074	0.00035161250000000045
66.1765055806911	0.00038032200000000075	0.00034876750000000043
66.41107911296524	0.00037045300000000073	0.0003641190000000004
66.64651222328379	0.00036442600000000076	0.0003822435000000004
66.88280250534937	0.00036899800000000075	0.0003793440000000004
67.11994755607337	0.00038146450000000075	0.0004205960000000004
67.35794497557595	0.0003882840000000008	0.00041342200000000037
67.59679236718604	0.00037502100000000077	0.0004219260000000004
67.83648733744135	0.0003867055000000007	0.0004248710000000004
68.07702749608836	0.0004062555000000007	0.0004215770000000004
68.31841045608232	0.00042210100000000073	0.0004271645000000004
68.56063383358722	0.0004119240000000008	0.0004300760000000004
68.8036952479759	0.00043179150000000077	0.00046423350000000037
69.04759232182988	0.00042061550000000076	0.0004513200000000004
69.29232268093952	0.00043804850000000073	0.00044232900000000037
69.53788395430392	0.00042000750000000073	0.0004452895000000004
69.78427377413094	0.0004319955000000007	0.00044763150000000037
70.03148977583724	0.00043632600000000077	0.0004379930000000004
70.27952959804824	0.00044321550000000077	0.0004483670000000004
70.52839088259813	0.0004658955000000008	0.0004315755000000004
70.77807127452988	0.00048282050000000073	0.00044474750000000044
71.02856842209519	0.00048171050000000076	0.0004430730000000005
71.2798799767546	0.00047662400000000074	0.0004468875000000005
71.53200359317736	0.0004747905000000007	0.00042884000000000043
71.78493692924155	0.0004780035000000007	0.0004489835000000004
72.03867764603396	0.0005054850000000007	0.00041386250000000047
72.29322340785019	0.0005144835000000006	0.0004116770000000005
72.5485718821946	0.0005445520000000008	0.0004097725000000005
72.80472073978032	0.0005260200000000007	0.00039523800000000045
73.06166765452924	0.0005294920000000008	0.0004102510000000005
73.31941030357207	0.0005394625000000007	0.0004022960000000004
73.57794636724823	0.0005558830000000007	0.00039559700000000046
73.83727352910594	0.0005444640000000008	0.0003847900000000004
74.0973894759022	0.0005594455000000008	0.00040270200000000044
74.35829189760277	0.0005794525000000007	0.00039840650000000046
74.61997848738218	0.0005927485000000008	0.0003989225000000004
74.88244694162371	0.0005861190000000007	0.00039656600000000043
75.14569495991947	0.0005866195000000007	0.0004032655000000004
75.40972024507028	0.0005913025000000008	0.00039716150000000043
75.67452050308577	0.0005875720000000007	0.0004055610000000004
75.94009344318434	0.0005875195000000007	0.0003876515000000004
76.20643677779313	0.0005989560000000007	0.0004142000000000004
76.47354822254806	0.0006161840000000007	0.00041423600000000044
76.74142549629387	0.0006359615000000007	0.00042829550000000037
77.01006632108401	0.0006642495000000008	0.0004254315000000004
77.27946842218073	0.0006483895000000007	0.0004453415000000003
77.54962952805505	0.0006530185000000007	0.0004445375000000004
77.82054737038675	0.0006276985000000007	0.00045869600000000035
78.0922196840644	0.0006517645000000007	0.0004796275000000004
78.36464420718532	0.0006560815000000008	0.0004804990000000004
78.63781868105562	0.0006619315000000008	0.0004782475000000004
78.91174085019018	0.0006546185000000006	0.0004557540000000004
79.18640846231263	0.0006731260000000007	0.0004483395000000004
79.46181926835538	0.0006847550000000006	0.0004275660000000004
79.73797102245965	0.0006774305000000007	0.00042290750000000037
80.01486148197537	0.0006927615000000007	0.00042474650000000043
80.29248840746129	0.0007036255000000008	0.00042370600000000036
80.5708495626849	0.0006827215000000007	0.00040328850000000035
80.84994271462246	0.0006866595000000008	0.0004308760000000004
81.12976563345904	0.0007029930000000007	0.0004372120000000004
81.41031609258843	0.0006961175000000008	0.0004506370000000004
81.69159186861324	0.0006920685000000007	0.00041143300000000044
81.97359074134484	0.0007157675000000008	0.0004131465000000005
82.25631049380333	0.0007288090000000008	0.00039500500000000046
82.5397489122176	0.0007071440000000007	0.00037938100000000047
82.82390378602537	0.0007239305000000007	0.00038468200000000045
83.10877290787305	0.0007254675000000008	0.0003718240000000004
83.39435407361586	0.0007642970000000008	0.0003593435000000004
83.68064508231778	0.0007662035000000007	0.0003380265000000004
83.96764373625159	0.0007626205000000007	0.00031571900000000044
84.2553478408988	0.0007852835000000007	0.0003277235000000004
84.54375520494972	0.0008111670000000008	0.0003420210000000005
84.83286364030343	0.0008138135000000007	0.00034898150000000044
85.12267096206776	0.0008287440000000008	0.0003637680000000004
85.41317498855932	0.0008455725000000008	0.0003457520000000004
85.7043735413035	0.0008629350000000007	0.0003374665000000004
85.99626444503447	0.0008705835000000007	0.00033786800000000045
86.28884552769514	0.0009033440000000007	0.0003455180000000005
86.58211462043724	0.0009082005000000007	0.00032006750000000044
86.87606955762121	0.0009017125000000008	0.00031960050000000046
87.17070817681629	0.0009188145000000007	0.0003011215000000004
87.46602831880051	0.0009346700000000007	0.00031054550000000035
87.76202782756067	0.0009378680000000008	0.0002881655000000004
88.05870455029232	0.0009353520000000007	0.00029411300000000036
88.35605633739976	0.0009696590000000008	0.00031730150000000047
88.65408104249612	0.0009801735000000008	0.0003110425000000004
88.95277652240324	0.0009821450000000007	0.0003314430000000005
89.2521406371518	0.0009835825000000008	0.00031878650000000043
89.5521712499812	0.0010066925000000008	0.0003361875000000005
89.8528662273396	0.0010364930000000007	0.0003356485000000004
90.15422343888399	0.0010389920000000007	0.0003262600000000004
90.45624075748009	0.0010523995000000007	0.0003069965000000004
90.75891605920239	0.0010766240000000009	0.0002971195000000004
91.06224722333415	0.0010678860000000007	0.00029678400000000046
91.36623213236746	0.0010853470000000008	0.0003119930000000004
91.67086867200307	0.0010845190000000008	0.0002940870000000004
91.97615473115059	0.0010777795000000007	0.00028135300000000035
92.2820882019284	0.0010931310000000007	0.0002784945000000004
92.58866697966359	0.0011067640000000007	0.0002939320000000004
92.89588896289209	0.0011346195000000007	0.0002797295000000004
93.20375205335854	0.0011545810000000009	0.0002838815000000004
93.51225415601641	0.0011667680000000008	0.0002788385000000004
93.82139317902791	0.0011427415000000009	0.0002965770000000004
94.13116703376397	0.0011826810000000007	0.0002951365000000004
94.44157363480443	0.0011788480000000008	0.00027454650000000036
94.75261089993775	0.0012024140000000008	0.0002586690000000004
95.06427675016127	0.0012302850000000007	0.0002488390000000004
95.37656910968106	0.0012420320000000008	0.0002460820000000004
95.68948590591191	0.0012526395000000007	0.00022167700000000036
96.00302506947747	0.0012595020000000007	0.00023497550000000034
96.31718453421011	0.0012634270000000008	0.00022653400000000035
96.63196223715103	0.0012650110000000008	0.0002442095000000004
96.94735611855009	0.0012794025000000008	0.0002468920000000003
97.26336412186602	0.001296664500000001	0.0002491145000000003
97.5799841937663	0.001328886000000001	0.00024314300000000032
97.89721428412713	0.0013480255000000007	0.00026953350000000036
98.21505234603357	0.0013942255000000008	0.00029746200000000034
98.53349633577938	0.0014273355000000007	0.0002899090000000003
98.85254421286712	0.0014553960000000007	0.00027637500000000036
99.1721939400081	0.0014645590000000007	0.0002952045000000003
99.49244348312241	0.0014790340000000008	0.0003002875000000004
99.81329081133897	0.0015206395000000009	0.0003115515000000003
100.13473389699536	0.0015666455000000008	0.00028589350000000034
100.45677071563803	0.001562083000000001	0.0002989145000000003
100.77939924602215	0.0015851280000000008	0.0003083850000000003
101.10261747011167	0.001616881000000001	0.0002966275000000003
101.42642337307932	0.0016395525000000009	0.00029931950000000026
101.75081494330658	0.0016696170000000008	0.0002990930000000003
102.07579017238375	0.001689062500000001	0.00031988950000000035
102.40134705510985	0.0017183055000000009	0.0003096765000000003
102.72748358949268	0.0017626200000000008	0.0003287935000000003
103.05419777674885	0.0018067435000000006	0.0003468445000000003
103.38148762130368	0.0018434810000000008	0.0003482920000000003
103.70935113079132	0.0018858490000000006	0.0003544430000000004
104.03778631605465	0.0018959375000000007	0.00036139100000000035
104.36679119114535	0.0019522895000000007	0.0003353270000000004
104.69636377332385	0.0019848195000000007	0.0003061290000000003
105.02650208305936	0.002017472500000001	0.00031744300000000037
105.35720414402988	0.002060563000000001	0.00032877950000000035
105.68846798312215	0.002105066000000001	0.0003286950000000004
106.02029163043167	0.002167490000000001	0.00033011900000000035
106.35267311926279	0.002172436500000001	0.0003437945000000003
106.6856104861285	0.0022210635000000007	0.00036536100000000035
107.01910177075071	0.002268095500000001	0.00037443250000000034
107.35314501606001	0.002310230500000001	0.0003732260000000004
107.68773826819573	0.002344524500000001	0.0003823085000000004
108.0228795765061	0.0024027345000000007	0.0003835010000000004
108.35856699354798	0.0024461990000000005	0.00040030050000000036
108.69479857508712	0.0025073820000000007	0.0004107715000000004
109.03157238009796	0.0025475125000000006	0.0004311920000000004
109.36888647076371	0.002595619000000001	0.0004231875000000004
109.70673891247642	0.0026527105000000006	0.0004048935000000004
110.04512777383687	0.002714036500000001	0.0004001920000000004
110.38405112665457	0.0027988945000000007	0.0003843435000000004
110.72350704594787	0.002856954000000001	0.0003977305000000004
111.06349360994389	0.002889895500000001	0.0004007625000000004
111.40400890007845	0.002961266500000001	0.00042174450000000043
111.74505100099621	0.003014832000000001	0.0004353170000000004
112.08661800055059	0.003071435000000001	0.0004203975000000004
112.42870798980374	0.003122187500000001	0.0004028805000000004
112.77131906302664	0.003176487000000001	0.00040295600000000043
113.11444931769898	0.0032759300000000007	0.0003821955000000005
113.45809685450928	0.003345392000000001	0.0003932990000000005
113.8022597773548	0.003416994000000001	0.00037054850000000045
114.14693619334157	0.0035136990000000008	0.00037169900000000045
114.4921242127844	0.003583225500000001	0.00037344650000000043
114.8378219492069	0.003641464000000001	0.00036433450000000045
115.18402751934136	0.003715890500000001	0.0003426830000000004
115.53073904312896	0.003777363500000001	0.0003248005000000005
115.87795464371953	0.003866824500000001	0.0003011510000000005
116.22567244747181	0.003953318000000001	0.00032241550000000044
116.57389058395319	0.0040273255000000015	0.00032475400000000045
116.92260718593985	0.004103540000000001	0.0003171420000000004
117.27182038941686	0.004169094000000001	0.0003352285000000004
117.62152833357787	0.004238357500000001	0.0003508670000000005
117.97172916082548	0.004336919000000001	0.0003631135000000005
118.32242101677093	0.004406929500000001	0.0003461005000000004
118.67360205023428	0.004514148000000001	0.0003478720000000005
119.02527041324441	0.004615588000000001	0.00035456300000000045
119.37742426103891	0.004749138000000001	0.0003549175000000005
119.73006175206416	0.004847755500000001	0.0003596485000000005
120.08318104797527	0.0049125785000000005	0.0003776935000000005
120.43678031363623	0.0050045065	0.00038320050000000043
120.79085771711968	0.005124441	0.00039382800000000047
121.1454114297071	0.005226391	0.00038633500000000045
121.50043962588873	0.005336737000000001	0.0004102310000000005
121.85594048336355	0.005445694500000001	0.00042505100000000045
122.21191218303937	0.0055431230000000005	0.0004420300000000005
122.56835290903274	0.0056807870000000005	0.00044153650000000046
122.92526084866896	0.005813350500000002	0.0004418015000000004
123.2826341924821	0.005954220500000001	0.00040359900000000047
123.64047113421509	0.006094962000000001	0.0003840050000000004
123.99876987081953	0.006208432000000002	0.00038746200000000047
124.3575286024558	0.006333044500000001	0.00037028300000000044
124.7167455324931	0.006495278000000001	0.0003502915000000004
125.07641886750937	0.006601244500000001	0.0003574780000000005
125.43654681729137	0.006737110000000001	0.00036335850000000043
125.79712759483454	0.0068556005000000005	0.0003496125000000004
126.15815941634318	0.006996937000000002	0.00036594950000000035
126.51964050123027	0.007121271500000001	0.00037850600000000035
126.88156907211767	0.007245528000000001	0.00038495450000000035
127.24394335483593	0.007417689500000001	0.00037478500000000036
127.60676157842443	0.007546764000000001	0.00034515050000000035
127.97002197513126	0.007681822500000001	0.0003536615000000003
128.33372278041327	0.0078257385	0.00036156650000000035
128.69786223293622	0.00795667	0.00032691600000000034
129.06243857457446	0.008101261500000002	0.00033522350000000033
129.42745005041124	0.008259231	0.0003351175000000003
129.7928949087385	0.0084071195	0.00034119450000000035
130.15877140105704	0.0085475405	0.00035908450000000035
130.52507778207632	0.008662679500000001	0.00037601600000000034
130.89181230971468	0.008812195000000002	0.00039475300000000035
131.25897324509916	0.008981116	0.00039747950000000034
131.62655885256558	0.009148007500000001	0.0004002785000000004
131.99456739965856	0.009305342500000001	0.0003744605000000004
132.36299715713147	0.009483707000000001	0.00036976450000000035
132.73184639894646	0.009631257	0.0003602695000000004
133.10111340227445	0.009787977	0.00036968400000000044
133.47079644749513	0.009923362	0.0003435220000000004
133.84089381819695	0.010089982	0.0003295130000000004
134.21140380117717	0.010274156999999999	0.0003302260000000004
134.58232468644175	0.010427892000000001	0.00034024950000000043
134.95365476720548	0.010616647	0.00037311850000000047
135.32539233989195	0.010794947000000001	0.00036212850000000047
135.69753570413343	0.010966532000000001	0.00035403750000000047
136.07008316277103	0.011173922000000001	0.0003666920000000005
136.44303302185457	0.011352932000000001	0.00035712400000000044
136.81638359064274	0.011553532000000002	0.0003590420000000005
137.1901331816029	0.011706947000000002	0.0003772410000000005
137.56428011041123	0.011889737000000001	0.0003685635000000005
137.93882269595272	0.012090607000000001	0.0003755970000000005
138.31375926032106	0.012249472	0.0003937045000000004
138.68908812881872	0.012427437000000001	0.0004138015000000005
139.06480762995696	0.012627352000000001	0.00042437300000000046
139.44091609545586	0.012801657000000001	0.0004391595000000005
139.81741186024416	0.012975152	0.0004364520000000005
140.19429326245944	0.013183102000000002	0.0004645305000000005
140.5715586434481	0.013380217000000002	0.00044883150000000045
140.9492063477652	0.013601502000000001	0.0004644710000000005
141.32723472317468	0.013789037000000002	0.00048062050000000046
141.70564212064914	0.013995117000000001	0.0004895575000000004
142.08442689437007	0.014200907000000002	0.00045460850000000045
142.46358740172764	0.014380137000000003	0.0004418440000000005
142.84312200332081	0.014540282000000002	0.0004444360000000004
143.22302906295738	0.014707187000000004	0.0004594165000000004
143.60330694765378	0.014873567000000002	0.0004573450000000004
143.98395402763538	0.015048922000000003	0.0004506355000000004
144.36496867633616	0.015222897000000003	0.0004418450000000004
144.74634927039904	0.015400332000000003	0.00041090950000000043
145.12809418967555	0.015545477000000002	0.00042476800000000044
145.5102018172261	0.015697137000000003	0.00041476600000000044
145.8926705393198	0.015893257	0.0003835910000000005
146.27549874543462	0.016093667000000002	0.0003703890000000005
146.6586848282572	0.016239282	0.0003701065000000005
147.04222718368305	0.016435802000000003	0.00037419450000000044
147.4261242108163	0.016600202	0.0003833100000000005
147.81037431197007	0.016744687	0.0003752405000000005
148.19497589266606	0.016913052000000005	0.00039287700000000046
148.57992736163482	0.017065732	0.00039575850000000046
148.9652271308157	0.017201672	0.00040085600000000043
149.35087361535673	0.017312397	0.0003866255000000004
149.73686523361482	0.017447252000000003	0.00043313400000000044
150.1232004071556	0.017598002	0.0004349720000000004
150.5098775607534	0.017752447000000005	0.00044286000000000043
150.89689512239147	0.017920192	0.0004387690000000004
151.28425152326173	0.018061602000000003	0.00045507700000000045
151.6719451977649	0.018209267	0.0004463070000000004
152.05997458351044	0.018336327000000003	0.00045339550000000043
152.4483381213166	0.018485282000000002	0.00047885600000000043
152.83703425521048	0.018654287000000006	0.0004519075000000004
153.2260614324278	0.018819122	0.00043659500000000045
153.61541810341316	0.018967202000000002	0.0004391610000000004
154.00510272181995	0.019049787000000002	0.0004436210000000005
154.39511374451018	0.019141697000000003	0.00044072700000000046
154.7854496315548	0.019232432	0.00043684400000000047
155.1761088462335	0.019346407000000003	0.00043525950000000046
155.56708985503468	0.019464827000000004	0.00043111000000000044
155.9583911276555	0.019572357000000002	0.00042263000000000044
156.35001113700196	0.019690112000000003	0.0004105680000000005
156.7419483591888	0.019810017000000003	0.0004111405000000005
157.13420127353953	0.019897697000000002	0.0004253360000000005
157.52676836258647	0.020002787	0.0003920360000000005
157.9196481120706	0.020057427000000003	0.00039709250000000054
158.31283901094184	0.020127707	0.00039021200000000057
158.70633955135872	0.020177982000000004	0.0003983580000000005
159.10014822868865	0.020248677000000003	0.0003914350000000006
159.49426354150776	0.020317337000000005	0.00041455500000000053
159.88868399160094	0.020381597	0.00042095400000000056
160.28340808396192	0.020436827000000005	0.00041162350000000056
160.6784343267931	0.020434352000000003	0.0004265495000000005
161.07376123150576	0.020420727000000003	0.0004356890000000005
161.46938731271985	0.020413867000000002	0.0004517505000000005
161.86531108826415	0.020474437	0.0004471090000000005
162.26153107917628	0.020522822000000003	0.0004428045000000004
162.65804580970243	0.020528127	0.00043582950000000043
163.05485380729777	0.020555607000000004	0.00041625400000000045
163.4519536026261	0.020557072000000003	0.0004251130000000004
163.84934372956008	0.020543422000000006	0.00042023600000000037
164.24702272518113	0.020482907	0.00043296300000000035
164.64498912977936	0.020450027000000003	0.00042898600000000034
165.04324148685376	0.020428552000000003	0.0004214290000000003
165.441778343112	0.020367427	0.0004222495000000003
165.8405982484706	0.020388597	0.0003930600000000003
166.23969975605482	0.020359227	0.0003849750000000003
166.63908142219864	0.020343992	0.0003903075000000004
167.03874180644488	0.020288192	0.00039634450000000036
167.43867947154513	0.020245382000000003	0.0003799240000000003
167.83889298345971	0.020181717000000002	0.0003693405000000003
168.23938091135773	0.020097472000000005	0.0003608295000000003
168.64014182761707	0.020033752000000002	0.0003657625000000003
169.04117430782443	0.019988572000000003	0.0003783715000000003
169.44247693077517	0.019943912	0.0003459855000000003
169.8440482784735	0.019837117	0.0003567330000000003
170.24588693613242	0.019761137	0.00034867550000000034
170.64799149217365	0.019702762000000002	0.0003746450000000004
171.05036053822766	0.019614222	0.0004009080000000004
171.45299266913383	0.019550362	0.00038870150000000036
171.85588648294015	0.019459977000000003	0.0003914045000000004
172.25904058090342	0.019371387000000004	0.0004021505000000004
172.66245356748928	0.019321087	0.00039793550000000036
173.06612405037214	0.019249107	0.0003987625000000004
173.47005064043503	0.019194707000000002	0.0004016585000000004
173.87423195176993	0.019079122000000004	0.0004177140000000004
174.27866660167751	0.018986667000000002	0.00043643700000000035
174.68335321066724	0.018878897000000002	0.0004308900000000004
175.0882904024573	0.018827132000000003	0.0004270295000000004
175.49347680397472	0.018747617	0.0004308560000000004
175.89891104535528	0.018649677000000003	0.0004337110000000004
176.30459175994343	0.018561422	0.0004423410000000004
176.71051758429257	0.018486832	0.0004463570000000004
177.11668715816478	0.018406412	0.0004375785000000004
177.52309912453094	0.018324977	0.00045075850000000044
177.92975212957057	0.018234572	0.0004260055000000004
178.3366448226721	0.018148597000000002	0.00044318400000000044
178.74377585643273	0.018021862000000003	0.00043199450000000044
179.15114388665842	0.017955822000000003	0.00041770550000000043
179.55874757236387	0.017848022000000005	0.00041149950000000045
179.96658557577248	0.017751587000000003	0.0003943655000000004
180.3746565623165	0.017676302000000005	0.00037852300000000046
180.7829592006371	0.017572472000000002	0.00037475850000000043
181.19149216258398	0.017491282000000004	0.0003715970000000004
181.60025412321568	0.017365697	0.0003914250000000004
182.00924376079956	0.017282352000000004	0.0003812440000000004
182.41845975681173	0.017183597000000002	0.0003756730000000004
182.8279007959371	0.017094897000000005	0.0003866205000000004
183.23756556606935	0.016932087000000002	0.0004058185000000004
183.64745275831078	0.016810907000000003	0.00038814450000000043
184.05756106697265	0.016698212	0.0003938370000000004
184.46788918957495	0.016617927	0.00038416600000000046
184.87843582684638	0.016500172	0.00037792050000000046
185.28919968272453	0.016409932000000002	0.00038622250000000047
185.70017946435559	0.016266712000000003	0.00040026550000000046
186.11137388209465	0.016177492	0.00042052550000000043
186.52278164950542	0.016078257000000002	0.0004122185000000005
186.9344014833607	0.015996957	0.00041131450000000047
187.3462321036417	0.015876827	0.0004110435000000005
187.75827223353863	0.015769452	0.0004136680000000005
188.17052059945036	0.015672316999999998	0.0004418730000000005
188.5829759309846	0.015598922000000001	0.0004555865000000005
188.99563696095774	0.015478047000000002	0.0004701250000000005
189.40850242539508	0.015406842000000002	0.00046492550000000053
189.82157106353057	0.015336012000000003	0.0004477110000000005
190.23484161780698	0.015241012000000002	0.0004618735000000005
190.64831283387582	0.015148727	0.0004667320000000004
191.06198346059745	0.015057027	0.0004278295000000005
191.47585225004093	0.015026707000000002	0.00039996600000000046
191.88991795748413	0.014969597000000001	0.0004229010000000005
192.30417934141354	0.014936527000000002	0.0004136085000000005
192.71863516352477	0.014863012000000002	0.0004247865000000005
193.1332841887218	0.014802327	0.0004311030000000005
193.54812518511767	0.014722682000000003	0.0004286625000000005
193.96315692403408	0.014630177000000001	0.0004293750000000005
194.3783781800014	0.014551962000000002	0.00042272000000000056
194.79378773075902	0.014483227000000001	0.00040995650000000044
195.2093843572549	0.014407727000000002	0.00042174350000000047
195.62516684364581	0.014334807000000001	0.00040689350000000046
196.04113397729736	0.014275262	0.00041973500000000045
196.4572845487838	0.014208862000000003	0.0004258935000000005
196.87361735188838	0.014145227000000003	0.00039648800000000045
197.29013118360285	0.014093312000000002	0.00037162200000000043
197.70682484412794	0.013982537000000003	0.00036767050000000045
198.123697136873	0.013924342000000003	0.0003453825000000004
198.5407468684562	0.013850562000000004	0.00033952400000000044
198.95797284870466	0.013770552000000004	0.00032170700000000045
199.375373890654	0.013676532000000003	0.0003449850000000004
199.79294881054872	0.013608982000000002	0.0003267355000000004
200.2106964278421	0.013509192000000003	0.00032810900000000036
200.62861556519618	0.013403092000000002	0.0003570940000000004
201.04670504848184	0.013334202000000003	0.00036245600000000037
201.46496370677866	0.013292837000000002	0.0003390485000000004
201.88339037237495	0.013225397000000003	0.00032767350000000034
202.30198388076786	0.013194202000000002	0.0003208480000000003
202.72074307066327	0.013148587000000003	0.00031887650000000033
203.139666783976	0.013022037000000004	0.0003293545000000004
203.55875386582932	0.012981672000000003	0.0003333625000000004
203.9780031645555	0.012931912000000002	0.00035267000000000035
204.39741353169563	0.012873017	0.00035465400000000036
204.81698382199926	0.012816357	0.0003506925000000004
205.2367128934252	0.012712277000000001	0.0003816845000000004
205.65659960714055	0.012653572000000002	0.0003818425000000004
206.07664282752143	0.012615787	0.00038666350000000037
206.49684142215273	0.012527757	0.0003969005000000004
206.91719426182797	0.012449387000000001	0.00040145250000000045
207.33770022054966	0.012398702000000001	0.00041435550000000043
207.75835817552894	0.012368832000000001	0.00039578250000000045
208.17916700718573	0.012332232000000002	0.0004307255000000004
208.60012559914867	0.012274397000000003	0.0004389810000000004
209.0212328382553	0.012222322	0.0004123850000000004
209.44248761455182	0.012150432000000003	0.0004149830000000004
209.86388882129336	0.012106677000000001	0.00043752450000000045
210.28543535494356	0.012054477000000003	0.0004480275000000004
210.7071261151751	0.011987137000000002	0.0004496060000000004
211.12896000486919	0.011914612000000002	0.0004596375000000004
211.55093593011603	0.011921802000000002	0.00047598950000000035
211.9730528002145	0.011855832	0.0004735440000000004
212.39530952767223	0.011792597000000002	0.0004642525000000004
212.8177050282056	0.011745362000000002	0.0004556445000000004
213.24023822073985	0.011717877000000002	0.00044628500000000037
213.6629080274089	0.011709822000000002	0.0004326545000000003
214.08571337355548	0.011667157000000001	0.00043494050000000037
214.5086531877311	0.011599292	0.0004493930000000003
214.93172640169607	0.011549132	0.0004592810000000004
215.35493195041937	0.011498932000000002	0.0004666055000000003
215.7782687720789	0.011487332000000003	0.00045936250000000033
216.20173580806116	0.011441987000000002	0.00047257400000000034
216.6253320029616	0.011352707000000002	0.00047179850000000033
217.0490563045843	0.011331652000000001	0.00046602150000000034
217.47290766394218	0.011335757000000002	0.0004572475000000003
217.89688503525684	0.011298427000000002	0.00044649050000000035
218.32098737595885	0.011216677000000001	0.00045027450000000035
218.74521364668732	0.011156262	0.0004199405000000004
219.16956281129026	0.011128737	0.0004418005000000004
219.59403383682448	0.011074857	0.00043742350000000043
220.01862569355552	0.011032291999999999	0.00043614350000000044
220.44333735495763	0.010957787	0.0004101740000000004
220.86816779771388	0.010919807	0.0004404400000000004
221.2931160017161	0.010864987	0.00044808350000000044
221.71818095006498	0.010798872000000001	0.0004441330000000004
222.14336162906986	0.010760322000000001	0.00044722600000000044
222.56865702824888	0.010692657000000001	0.0004557845000000005
222.99406614032904	0.010675522000000002	0.0004374670000000004
223.41958796124595	0.010654707000000001	0.0004432080000000005
223.8452214901441	0.010671422000000002	0.0004368495000000005
224.27096572937685	0.010620177000000001	0.0004395825000000005
224.69681968450604	0.010578007	0.0004464770000000005
225.1227823643026	0.010508492000000001	0.00044378400000000045
225.548852780746	0.010490167000000002	0.00044408350000000045
225.97502994902462	0.010410167000000001	0.00044535750000000045
226.40131288753554	0.010382337	0.0004377680000000005
226.82770061788463	0.010367232	0.00043305750000000053
227.25419216488655	0.010361997000000001	0.0004629420000000005
227.68078655656467	0.010303502000000003	0.0004522205000000004
228.10748282415125	0.010271747000000001	0.0004530010000000004
228.53428000208717	0.010245267000000002	0.00045726600000000044
228.96117712802226	0.010247662000000001	0.0004671055000000005
229.3881732428149	0.010205722	0.00046615150000000043
229.8152673905324	0.010171827000000001	0.0004561565000000005
230.24245861845088	0.010134577000000002	0.0004712560000000004
230.66974597705507	0.010101517	0.0004667915000000004
231.09712852003858	0.010069442000000001	0.00047237950000000037
231.52460530430378	0.010026087000000001	0.0004885125000000004
231.95217538996172	0.010020267000000001	0.0004840350000000004
232.37983784033247	0.009956787000000002	0.00048254600000000036
232.80759172194456	0.009926692	0.00048389350000000033
233.23543610453547	0.009914542000000002	0.0004665040000000004
233.66337006105144	0.009909522	0.00044871500000000035
234.09139266764737	0.009845332000000002	0.00044661050000000034
234.51950300368708	0.009830562000000001	0.00045523250000000035
234.94770015174313	0.009796812000000002	0.00046038500000000033
235.3759831975968	0.009776967000000001	0.00045964400000000037
235.80435123023813	0.009706627000000002	0.0004567585000000004
236.23280334186592	0.009700732000000002	0.00043957600000000044
236.66133862788794	0.009673672000000001	0.0004252520000000005
237.0899561869204	0.009614117000000002	0.00041988100000000037
237.5186551207886	0.009588812000000002	0.0004172880000000004
237.94743453452634	0.009549302	0.0003982980000000004
238.37629353637635	0.009517912	0.00040690300000000045
238.8052312377902	0.009499437000000001	0.00038899900000000044
239.23424675342804	0.009448542	0.00038422500000000046
239.66333920115886	0.009405487	0.00036414200000000046
240.09250770206057	0.009384522000000003	0.0003550685000000005
240.52175138041957	0.009369672	0.0003545630000000005
240.9510693637313	0.009332847000000002	0.00033715400000000053
241.3804607826998	0.009320137000000001	0.0003430030000000005
241.80992477123795	0.009275092	0.00035183900000000055
242.23946046646736	0.009269937	0.00035457850000000053
242.66906700871854	0.009266057000000001	0.0003439350000000005
243.09874354153058	0.009239457000000001	0.00034525050000000046
243.52848921165153	0.009216822	0.0003613105000000005
243.95830316903798	0.009188482000000001	0.00035951000000000044
244.38818456685553	0.009194787000000001	0.0003397145000000004
244.81813256147842	0.009165527000000001	0.0003438560000000004
245.2481463124897	0.009160327000000001	0.00034445050000000044
245.67822498268117	0.009171687000000001	0.0003391055000000004
246.10836773805346	0.009133707000000001	0.0003272490000000005
246.5385737478158	0.009129702	0.00033236900000000044
246.96884218438643	0.009095492	0.0003297230000000004
247.39917222339227	0.009088492	0.0003191225000000004
247.82956304366883	0.009091327000000001	0.0003161180000000003
248.26001382726076	0.009108622	0.00032992150000000033
248.69052375942107	0.009089622000000002	0.0003200705000000003
249.12109202861188	0.009033252000000002	0.00029450950000000037
249.55171782650393	0.009018647000000001	0.0003357355000000003
249.98240034797666	0.008988057	0.00031906550000000033
250.41313879111848	0.008987242	0.0003218185000000003
250.84393235722638	0.008975692	0.0003222445000000003
251.2747802508062	0.008956022000000001	0.0003244725000000003
251.7056816795726	0.008906962000000001	0.0003315810000000003
252.13663585444894	0.008893467000000002	0.0003237985000000003
252.5676419895674	0.008866702	0.0003163860000000003
252.99869930226873	0.008830422000000001	0.0003553050000000003
253.4298070131029	0.008829257	0.00033008050000000034
253.86096434582817	0.008797372000000001	0.00034172100000000034
254.29217052741188	0.008757137000000002	0.0003406395000000003
254.72342478803006	0.008758712000000002	0.00036150600000000026
255.1547263610674	0.008746507	0.0003593855000000003
255.5860744831175	0.008758832000000001	0.0003604420000000003
256.01746839398277	0.008737142000000002	0.0003805860000000003
256.4489073366741	0.008692927	0.00039074250000000035
256.88039055741154	0.008679982000000001	0.0004030500000000004
257.31191730562364	0.008675012	0.00039795900000000035
257.7434868339478	0.008681787000000002	0.0004293225000000004
258.1750983982303	0.008650167	0.0004051160000000004
258.606751257526	0.008630182000000002	0.0004003275000000004
259.0384446740987	0.008608437000000002	0.0004016100000000004
259.47017791342074	0.008547277000000002	0.0004054315000000005
259.90195024417363	0.008526532000000002	0.0003978980000000004
260.33376093824717	0.008547717000000002	0.0003860235000000005
260.7656092707403	0.008512887	0.00039714900000000045
261.1974945199606	0.008505757000000001	0.00039209350000000043
261.6294159674243	0.008521592000000001	0.00036927250000000047
262.0613728978567	0.008471237000000001	0.00039792750000000046
262.49336459919164	0.008463162000000002	0.00039022450000000044
262.92539036257165	0.008450002000000002	0.00040057400000000044
263.3574494823484	0.008429272000000002	0.0004014505000000004
263.78954125608186	0.008413947000000001	0.0003989890000000004
264.2216649845412	0.008407282000000002	0.00039640200000000045
264.653819971704	0.008395807000000002	0.00036942700000000046
265.08600552475696	0.008415217000000001	0.0003553845000000004
265.5182209540953	0.008387087000000001	0.0003417635000000004
265.95046557332296	0.008360942000000001	0.00036216100000000044
266.38273869925297	0.008307429000000002	0.0003651375000000004
266.81503965190694	0.008306799000000002	0.0003657300000000004
267.2473677545151	0.008264213500000001	0.00036123450000000043
267.6797223335167	0.008227403500000001	0.0003546520000000004
268.1121027185595	0.008249338500000002	0.0003418085000000004
268.54450824250046	0.0082236085	0.00034253750000000035
268.9769382414049	0.008182841500000001	0.0003502875000000004
269.4093920545471	0.008185306500000001	0.0003269415000000004
269.84186902440996	0.008165021500000001	0.0003330535000000004
270.27436849668544	0.0081537115	0.0003556470000000004
270.7068898202739	0.0081445825	0.00035367750000000044
271.13943234728475	0.008120252500000001	0.00036247900000000046
271.571995433036	0.0080883275	0.0003550060000000005
272.0045784360547	0.008055105500000001	0.00034908550000000045
272.4371807180763	0.008050910500000001	0.0003400595000000005
272.8698016440454	0.008034540500000001	0.00033603250000000044
273.3024405821151	0.007985173500000001	0.00037058700000000046
273.7350969036472	0.007923676000000001	0.0003779010000000004
274.1677699832125	0.007914326000000001	0.00038620000000000044
274.60045919859067	0.007868476500000002	0.00038701600000000044
275.0331639307698	0.007872369500000002	0.0003886885000000005
275.4658835639469	0.007872314500000002	0.00038144300000000046
275.8986174855278	0.007859963000000001	0.00041242600000000046
276.33136508612716	0.007852915	0.00042173950000000046
276.7641257595683	0.007803680500000001	0.00042299150000000055
277.1968989028833	0.007780597	0.0004070035000000005
277.62968391631307	0.007767510500000001	0.0003833780000000005
278.06248020330736	0.0077346845	0.00038262800000000047
278.49528717052436	0.007698802500000001	0.00038811350000000043
278.92810422783157	0.0076409375	0.00037451300000000047
279.3609307883048	0.007621164500000001	0.0003959265000000005
279.79376626822886	0.007601216500000001	0.0003981285000000005
280.22661008709724	0.007570871500000001	0.0003747645000000005
280.6594616676121	0.007549552500000001	0.0003755255000000004
281.0923204356848	0.0075339525000000015	0.00038198700000000046
281.52518582043496	0.007469072	0.00038879550000000044
281.95805725419126	0.007434122500000001	0.0003721985000000005
282.3909341724911	0.007424206000000001	0.0003673760000000004
282.8238160140804	0.007362946000000001	0.00036499950000000046
283.2567022209145	0.007365231000000002	0.00034234350000000044
283.68959223815665	0.007302249000000001	0.00033018700000000045
284.1224855141797	0.007242378000000001	0.0003331770000000004
284.5553815005645	0.007213574	0.00031230750000000044
284.98827965210137	0.00718062	0.0003004275000000004
285.421179426789	0.007179999000000001	0.00032395900000000045
285.85408028583487	0.007144822000000001	0.00033834250000000044
286.2869816936554	0.007118056500000001	0.0003498270000000004
286.7198831178755	0.007102215500000002	0.00033707200000000043
287.15278402932915	0.007091186500000001	0.0003324900000000004
287.58568390205903	0.0070537885000000015	0.00031190250000000036
288.0185822133166	0.007042172500000001	0.00029218400000000045
288.45147844356177	0.007002130000000001	0.00029513950000000037
288.88437207646376	0.006996796500000001	0.0003121285000000004
289.31726259890013	0.006989517500000001	0.0003183670000000004
289.7501495009575	0.006937332000000001	0.0003111195000000004
290.18303227593094	0.006922309000000001	0.0002932120000000004
290.61591042032467	0.006918456500000001	0.00030009950000000046
291.0487834338514	0.0068685675000000005	0.0003164180000000005
291.48165081943256	0.006849417000000002	0.00030679350000000047
291.91451208319893	0.006798918000000001	0.0003288585000000005
292.3473667344892	0.006772138000000001	0.00031451600000000047
292.78021428585146	0.006756578500000001	0.0003136980000000005
293.2130542530423	0.006731181000000001	0.00033272150000000046
293.6458861550272	0.006679663000000001	0.00035329250000000045
294.07870951398036	0.006617757500000002	0.0003483525000000004
294.5115238552846	0.0065885825000000005	0.0003697115000000004
294.94432870753195	0.006550404500000001	0.0003841430000000004
295.37712360252283	0.006497705500000001	0.00039734350000000037
295.8099080752664	0.006446239000000001	0.0003997500000000005
296.24268166398076	0.0064215830000000015	0.0004071765000000005
296.6754439100928	0.006378904000000001	0.0004162005000000005
297.10819435823805	0.0063504975000000016	0.00042392250000000047
297.54093255626105	0.006292132500000001	0.0004107900000000005
297.97365805521474	0.006231293000000001	0.0004048395000000005
298.4063704093613	0.006197779500000001	0.00038464800000000045
298.83906917617105	0.0061666325000000015	0.0003904370000000005
299.27175391632375	0.0061367570000000005	0.00040091300000000046
299.7044241937075	0.006132579000000001	0.00039170300000000046
300.13707957541936	0.006088893000000001	0.0003916750000000005
300.56971963176505	0.006069296500000001	0.0003923585000000005
301.00234393625914	0.0060530010000000006	0.00040635250000000046
301.434952065625	0.0060118685000000015	0.00038644950000000047
301.86754359979454	0.0059741985000000015	0.00037094100000000045
302.30011812190884	0.005948685500000001	0.00034535100000000047
302.7326752183174	0.005935922000000001	0.00033424350000000046
303.1652144785787	0.005912463000000001	0.00032580100000000045
303.59773549545986	0.0058807270000000005	0.00032386950000000045
304.0302378649368	0.005880321000000001	0.0003413010000000005
304.46272118619424	0.005857964500000001	0.00033456250000000044
304.89518506162574	0.005831192000000001	0.0003423125000000005
305.3276290968336	0.0057893020000000005	0.0003384215000000005
305.7600529006287	0.005759979500000001	0.0003136920000000004
306.19245608503087	0.005756266000000001	0.00032216250000000046
306.6248382652687	0.005735667500000001	0.00033162650000000045
307.05719905977963	0.005696401000000001	0.0003539695000000005
307.4895380902097	0.005661870000000001	0.00037226250000000044
307.92185498141373	0.005606425000000001	0.0003607310000000005
308.3541493614554	0.005575485000000001	0.00035941450000000045
308.78642086160727	0.005568415500000002	0.00037649050000000044
309.2186691163505	0.005530882500000001	0.0003770105000000004
309.65089376337494	0.005495814000000002	0.0003689850000000004
310.08309444357945	0.005479889500000001	0.0004065545000000004
310.51527080107144	0.005470287500000001	0.00040998350000000044
310.94742248316726	0.0054510900000000004	0.0004007745000000004
311.3795491403921	0.005430628500000001	0.0004123185000000004
311.81165042647956	0.005414118000000001	0.0004031950000000004
312.2437259983723	0.005392251000000001	0.00038839500000000036
312.67577551622173	0.0053393960000000015	0.0003685155000000004
313.1077986433881	0.005326489500000001	0.0003697490000000004
313.53979504644013	0.0053029255000000015	0.00037331450000000036
313.97176439515556	0.005304851000000001	0.0003583120000000004
314.403706362521	0.005290598500000001	0.0003642360000000004
314.8356206247314	0.0052647565	0.0003679660000000004
315.267506861191	0.005237496000000001	0.00036605350000000036
315.6993647545126	0.005184358000000002	0.00037287550000000033
316.1311939905175	0.005157531500000001	0.00035730650000000033
316.5629942582362	0.0051545770000000005	0.0003472595000000003
316.9947652499076	0.0051075075000000004	0.00035229500000000035
317.42650666097984	0.005095278500000001	0.0003514975000000004
317.8582181901093	0.005082584500000001	0.0003391620000000004
318.28989953916164	0.005071221500000001	0.0003521250000000004
318.72155041321065	0.005058578000000001	0.0003404045000000003
319.1531705205395	0.005039547500000001	0.00033896250000000033
319.58475957264005	0.005007820500000001	0.0003425940000000003
320.0163172842125	0.004992616500000001	0.00033664600000000034
320.4478433731663	0.004951111500000001	0.00033274200000000035
320.8793375606194	0.004931668500000002	0.00034374500000000034
321.3107995708985	0.004937942000000001	0.00034380350000000033
321.7422291315394	0.004907476000000001	0.0003454655000000004
322.1736259732862	0.004910212500000002	0.00034177100000000037
322.6049898300922	0.004889906000000001	0.00035473300000000036
323.0363204391192	0.004882357500000002	0.00036265750000000034
323.4676175407379	0.0048686695000000006	0.00036025950000000037
323.8988808785276	0.004850945000000001	0.00035423700000000036
324.3301101992767	0.004871917000000002	0.00036120200000000035
324.761305252982	0.004877487500000001	0.00036342000000000037
325.19246579284936	0.004868057000000001	0.00036022900000000043
325.6235915752932	0.004860828000000001	0.00034963150000000043
326.0546823599368	0.0048338470000000005	0.0003435170000000004
326.4857379096124	0.004838488500000001	0.0003608275000000004
326.91675799036057	0.004841947000000001	0.00038962100000000037
327.347742371431	0.004822641000000001	0.00039618950000000047
327.77869082528207	0.004815344500000001	0.00040178100000000047
328.209603127581	0.004795950000000001	0.00042067900000000046
328.6404790572036	0.004764135500000001	0.00042311950000000045
329.07131839623463	0.004787544500000001	0.0004343350000000005
329.50212092996736	0.004767537500000001	0.00044802600000000046
329.93288644690426	0.0047426195000000015	0.00046427150000000054
330.3636147387562	0.004748427000000001	0.0004683800000000005
330.794305600443	0.004747309000000002	0.00047574650000000053
331.2249588300931	0.0047287235	0.0004886940000000006
331.6555742290439	0.004695623000000001	0.00048001700000000055
332.0861516018415	0.004699208000000001	0.0004753740000000005
332.5166907562407	0.004715784000000001	0.00047466050000000056
332.9471915032051	0.004719781500000001	0.0004668945000000006
333.37765365690717	0.004711102500000001	0.0005012270000000006
333.8080770347281	0.004707936500000001	0.0005288130000000006
334.23846145725776	0.004701099	0.0005432240000000006
334.6688067482948	0.004701190500000001	0.0005416240000000005
335.09911273484676	0.0046886245	0.0005392735000000005
335.52937924713	0.004673514	0.0005202190000000006
335.9596061185694	0.0047009905	0.0005049930000000006
336.3897931857988	0.004709660000000001	0.0005169810000000006
336.81994028866075	0.004738272500000001	0.0005084785000000005
337.2500472702068	0.0047348075	0.0005294785000000005
337.68011397669676	0.004718001000000001	0.0005331050000000005
338.11014025759954	0.004736757000000001	0.0005287645000000005
338.54012596559295	0.0047153410000000005	0.0005235655000000005
338.9700709565634	0.004707343500000001	0.0005442770000000006
339.399975089606	0.004695968500000001	0.0005405570000000005
339.82983822702477	0.004702455500000001	0.0005331840000000006
340.2596602343324	0.004708988000000001	0.0005505045000000004
340.6894409802504	0.0046926405	0.0005556555000000006
341.11918033670906	0.0046592465	0.0005543945000000005
341.54887817884753	0.00466625	0.0005537475000000004
341.9785343850135	0.004679829000000001	0.0005216095000000004
342.4081488367636	0.004692870500000001	0.0005128345000000004
342.8377214188632	0.004697169500000001	0.0005171315000000004
343.2672520192865	0.004713921000000001	0.0005267630000000004
343.6967405292164	0.004717823000000001	0.0005222165000000004
344.12618684304454	0.004732788500000001	0.0005203550000000004
344.55559085837126	0.004684796500000001	0.0005587015000000004
344.984952476006	0.004665767500000001	0.0005662625000000004
345.4142715999666	0.004672390000000001	0.0005806885000000004
345.84354813747984	0.004694402500000001	0.0005522490000000003
346.2727819989815	0.004694225500000001	0.0005670130000000003
346.70197309811545	0.0046817145000000015	0.0005646465000000004
347.13112135173503	0.004715454500000001	0.0005759500000000004
347.56022667990214	0.004702900000000001	0.0005475890000000003
347.9892890058874	0.004681607000000001	0.0005607570000000004
348.41830825616995	0.004667892500000001	0.0005567045000000004
348.84728436043815	0.004685561000000001	0.0005316440000000004
349.276217251589	0.004701303500000001	0.0005511335000000005
349.7051068657282	0.004717436500000001	0.0005594395000000003
350.13395314217	0.004672332500000001	0.0005750840000000003
350.56275602343794	0.0046492090000000005	0.0006094720000000003
350.9915154552638	0.004639818	0.0006190805000000003
351.4202313865885	0.004662348	0.0006110480000000003
351.84890376956173	0.004647474	0.0005943060000000004
352.2775325595415	0.0046118615000000016	0.0006077560000000005
352.7061177150952	0.004599064500000001	0.0006086055000000004
353.1346591979986	0.004595075500000001	0.0005926390000000005
353.5631569732365	0.004587268500000001	0.0005833725000000004
353.991611009002	0.004540609500000001	0.0005809630000000004
354.42002127669764	0.004528984500000001	0.0005737625000000004
354.84838775093397	0.004513667000000001	0.0005554195000000004
355.2767104095312	0.004525982500000001	0.0005521390000000004
355.7049892335175	0.0045172465000000005	0.0005366110000000004
356.13322420713035	0.004504262000000001	0.0005666865000000003
356.56141531781554	0.004505625000000001	0.0005578590000000003
356.98956255622824	0.004506837000000001	0.0005693180000000003
357.4176659162317	0.004497376500000001	0.0005856520000000003
357.84572539489864	0.004490993	0.0005782275000000003
358.27374099250983	0.004471917500000001	0.0005967545000000004
358.7017127125556	0.0044965895	0.0005732580000000004
359.12964056173416	0.004509000500000001	0.0005500920000000005
359.55752454995326	0.0044764425	0.0005218355000000004
359.985364690329	0.004465919500000001	0.0005382795000000004
360.4131609991864	0.004452345000000002	0.0005436510000000004
360.8409134960592	0.004469017500000002	0.0005226195000000004
361.26862220369003	0.004438322500000001	0.0005079885000000004
361.6962871480302	0.004459153000000001	0.0005042560000000005
362.12390835823965	0.004445934500000001	0.0004847965000000004
362.55148586668713	0.004469534500000001	0.0004885250000000004
362.9790197089507	0.004469822000000001	0.0005192950000000003
363.40650992381643	0.004459055000000001	0.0005228130000000004
363.83395655327945	0.004459951500000001	0.0005314900000000003
364.2613596425438	0.004454054000000001	0.0005158390000000004
364.6887192400221	0.004479849500000001	0.0004943140000000005
365.1160353973359	0.004473271000000001	0.0004952305000000003
365.54330816931565	0.004458353000000001	0.0005090285000000003
365.9705376139999	0.004433672000000001	0.0005113345000000004
366.39772379263684	0.004396596500000001	0.0005109125000000004
366.8248667696829	0.004416597500000001	0.0004994090000000004
367.2519666128033	0.0043986830000000005	0.0005204025000000004
367.6790233928723	0.004383432000000001	0.0005343720000000004
368.1060371839728	0.004391216000000001	0.0005567865000000004
368.5330080633962	0.004379596000000001	0.0005397395000000004
368.9599361116432	0.004360371500000001	0.0005743640000000004
369.38682141242276	0.0043405085000000005	0.0005965630000000005
369.81366405265317	0.004352461	0.0006076635000000004
370.2404641224608	0.004339280500000001	0.0006048545000000005
370.6672217151813	0.004349128000000001	0.0006219670000000005
371.09393692735915	0.004353444500000001	0.0006309415000000005
371.52060985874704	0.004328403500000001	0.0006279005000000004
371.947240612307	0.004311256000000001	0.0006308035000000005
372.3738292942096	0.004298746500000001	0.0006233670000000005
372.800376013834	0.004260336000000001	0.0006565210000000004
373.22688088376856	0.004230620000000001	0.0006706275000000004
373.6533440198103	0.0042274140000000005	0.0006849675000000005
374.07976554096456	0.004232217000000001	0.0006596110000000005
374.50614556944606	0.004240254000000001	0.0006672055000000005
374.9324842306779	0.004253307500000001	0.0006648540000000005
375.358781653292	0.0042207350000000015	0.0006733310000000004
375.78503796912923	0.004231847	0.0006857645000000004
376.21125331323907	0.004207702500000001	0.0006718735000000004
376.63742782388	0.004198063500000001	0.0006842520000000004
377.0635616425186	0.004193864000000001	0.0006987190000000004
377.4896549138312	0.0041945110000000015	0.0006783015000000005
377.91570778570247	0.004206043500000001	0.0006799885000000005
378.34172040922545	0.004176081500000001	0.0006847560000000004
378.76769293870234	0.004197640500000001	0.0006870790000000005
379.19362553164444	0.004188189000000001	0.0006991600000000004
379.61951834877095	0.004180735000000001	0.0006922575000000004
380.04537155401067	0.004160953500000001	0.0006907685000000004
380.47118531450076	0.004163807000000001	0.0006846875000000004
380.8969598005873	0.004133933500000001	0.0006795435000000004
381.3226951858249	0.004130652500000001	0.0006819505000000006
381.7483916469773	0.004117030500000001	0.0006541660000000005
382.1740493640167	0.004087837000000001	0.0006448415000000006
382.59966852012434	0.0040707845000000015	0.0006595310000000005
383.0252493016901	0.004033501000000002	0.0006676505000000005
383.45079189831256	0.003997785500000002	0.0006826880000000005
383.87629650279905	0.004001792500000001	0.0006827325000000004
384.3017633111658	0.003953690000000001	0.0006806135000000004
384.7271925226377	0.003948458500000002	0.0006973725000000004
385.1525843396488	0.003921277000000001	0.0006856235000000004
385.57793896784113	0.0039014600000000007	0.0007006930000000005
386.0032566160665	0.003872925000000001	0.0006998880000000005
386.42853749638454	0.0038361080000000004	0.0006894790000000004
386.85378182406413	0.003849731500000001	0.0006939170000000004
387.278989817583	0.0037972115000000006	0.0007238165000000003
387.70416169862744	0.003788814500000001	0.0007328525000000004
388.1292976920927	0.003757477500000001	0.0007436730000000005
388.5543980260823	0.003773424500000001	0.0007488670000000005
388.9794629319092	0.0037805500000000006	0.0007768185000000005
389.40449264409506	0.003785923500000001	0.0007924760000000004
389.82948740036954	0.0037843290000000008	0.0007837035000000003
390.254447441672	0.0037910465000000008	0.0008143325000000005
390.67937301215034	0.003803088500000001	0.0008040235000000003
391.1042643591607	0.003781403000000001	0.0008238155000000003
391.5291217332686	0.0038000670000000007	0.0008287850000000004
391.95394538824803	0.003799695000000001	0.0008191720000000004
392.37873558108197	0.0037656810000000008	0.0008111435000000005
392.8034925719618	0.0037704255000000006	0.0008112675000000005
393.2282166242883	0.003756621500000001	0.0007963640000000005
393.65290800466994	0.003766157500000001	0.0008102560000000004
394.0775669829254	0.003747896500000001	0.0007862605000000004
394.50219383208105	0.003743141000000001	0.0008033365000000004
394.9267888283723	0.0037450120000000007	0.0007961355000000003
395.3513522512435	0.0037317550000000007	0.0007826230000000003
395.7758843833476	0.003729455500000001	0.0007462810000000003
396.2003855105465	0.003698665000000001	0.0007319820000000003
396.6248559219106	0.003696925500000001	0.0007180385000000002
397.0492959097193	0.003696125000000001	0.0007038770000000003
397.4737057694608	0.003684608500000001	0.0006826330000000002
397.8980857998316	0.003674073500000001	0.0006871810000000004
398.32243630273786	0.003675993500000001	0.0006842640000000004
398.7467575832936	0.003656188500000001	0.0006908200000000004
399.1710499498222	0.003624063500000001	0.0007138985000000004
399.5953137138556	0.0036371810000000006	0.0007012545000000004
400.0195491901346	0.003610204500000001	0.0007066560000000004
400.4437566966085	0.0036048645000000008	0.0007271885000000003
400.8679365544357	0.003605085500000001	0.0007452395000000004
401.29208908798313	0.003592579000000001	0.0007477965000000004
401.7162146248268	0.0035679575000000007	0.0007669150000000004
402.1403134957509	0.003545001500000001	0.0007492040000000004
402.56438603474925	0.0035405380000000006	0.0007658275000000003
402.9884325790238	0.003526381500000001	0.0007614740000000004
403.4124534689855	0.0034941850000000008	0.0007687125000000003
403.8364490482538	0.0034726140000000006	0.0008050755000000004
404.26041966365744	0.003458825500000001	0.0008217810000000004
404.68436566523343	0.003462113000000001	0.0008440740000000004
405.10828740622776	0.003448013000000001	0.0008541705000000004
405.53218524309534	0.0034139290000000013	0.0008669095000000004
405.95605953549966	0.0033733830000000006	0.0008810735000000005
406.37991064631257	0.003348516000000001	0.0008777240000000005
406.80373894161585	0.0033176100000000012	0.0008974075000000005
407.2275447906991	0.003307210500000001	0.0008965380000000005
407.6513285660606	0.0032952450000000013	0.0008839660000000005
408.07509064340815	0.003270830000000001	0.0008729385000000005
408.49883140165775	0.003255156000000001	0.0008607370000000004
408.9225512229341	0.003237778500000001	0.0008460490000000004
409.34625049257136	0.0032468205000000007	0.0008304980000000005
409.7699295991116	0.003234636000000001	0.0008253815000000005
410.19358893430615	0.003224974500000001	0.0008293500000000005
410.61722889311517	0.0032207210000000006	0.0008136135000000005
411.04084987370726	0.0032028235000000006	0.0008125960000000005
411.4644522774602	0.0032074980000000005	0.0008256235000000005
411.8880365089601	0.0032015295000000004	0.0008431875000000005
412.3116029760023	0.003163481000000001	0.0008197420000000005
412.7351520895904	0.0031409735000000006	0.0008261385000000005
413.15868426393706	0.0031235345000000005	0.0007994945000000006
413.5821999164639	0.003113215500000001	0.0007821110000000005
414.0056994678009	0.003094634500000001	0.0007933180000000005
414.42918334178705	0.0030788300000000007	0.0007835495000000004
414.85265196547016	0.003050473000000001	0.0007797015000000004
415.27610576910666	0.0030349965000000005	0.0007811825000000004
415.6995451861619	0.003005866500000001	0.0007693100000000005
416.12297065331	0.0029921550000000007	0.0007903565000000005
416.54638261043345	0.002995290500000001	0.0008253070000000004
416.969781500624	0.002982573000000001	0.0008066270000000005
417.3931677701821	0.0029794375000000007	0.0008078480000000004
417.81654186861664	0.0029358065000000006	0.0008039635000000005
418.2399042486459	0.0029202155000000005	0.0007939655000000005
418.66325536619615	0.0028847820000000007	0.0007857950000000005
419.0865956804031	0.0028507920000000004	0.0008246700000000005
419.5099256536107	0.0028238680000000006	0.0008384085000000005
419.93324575137217	0.0027842165000000006	0.0008205890000000005
420.35655644244935	0.002761414500000001	0.0008307330000000004
420.77985819881235	0.002779143000000001	0.0008336545000000005
421.2031514956407	0.002754403500000001	0.0008529250000000005
421.62643681132266	0.002730819500000001	0.0008704890000000004
422.0497146274548	0.002719896500000001	0.0008832840000000005
422.4729854288428	0.0027195085000000004	0.0008613750000000004
422.89624970350104	0.0027101470000000004	0.0008684590000000005
423.31950794265254	0.002692578000000001	0.0008678220000000004
423.7427606407297	0.0026770255000000006	0.0008522165000000004
424.16600829537265	0.0026616320000000006	0.0008656450000000004
424.58925140743116	0.0026428570000000006	0.0008452135000000004
425.0124904809634	0.0026136695000000005	0.0008264780000000004
425.4357260232364	0.0026069825000000005	0.0008421540000000003
425.85895854472574	0.002584422500000001	0.0008441745000000003
426.2821885591164	0.0025671965000000005	0.0008482335000000004
426.7054165833014	0.002563037500000001	0.0008446840000000004
427.12864313738277	0.0025746630000000005	0.0008455745000000005
427.55186874467125	0.002571686000000001	0.0008290690000000004
427.9750939316871	0.002579010500000001	0.0008008635000000005
428.39831922815836	0.002560304500000001	0.0007998150000000004
428.8215451670221	0.0025578535000000007	0.0007832665000000005
429.24477228442436	0.0025294215000000006	0.0007957425000000005
429.66800111971975	0.0025236740000000005	0.0007577400000000005
430.091232215472	0.0025126890000000007	0.0007483885000000004
430.5144661174534	0.002485687500000001	0.0007728525000000004
430.9377033746447	0.002449072000000001	0.0007932500000000003
431.36094453923573	0.002437636000000001	0.0007950850000000004
431.7841901666253	0.0024313985000000006	0.0008183680000000004
432.2074408154206	0.0024063290000000005	0.0008357435000000004
432.63069704743776	0.0023882395000000005	0.0008304480000000003
433.05395942770207	0.0023796785000000007	0.0008342000000000004
433.47722852444645	0.0023516025000000006	0.0008281350000000005
433.90050490911403	0.002319459500000001	0.0008167190000000005
434.3237891563556	0.0023089690000000006	0.0008361850000000004
434.7470818440312	0.0022905005000000006	0.0008326320000000005
435.1703835532095	0.0022765325000000006	0.0008681485000000004
435.5936948681683	0.002219464000000001	0.0008644035000000004
436.01701637639366	0.0021997065000000007	0.0008641575000000004
436.44034866858095	0.002161823500000001	0.0008803330000000004
436.86369233863354	0.0021627195000000006	0.0008624920000000005
437.2870479836646	0.0021599715000000007	0.0008545610000000004
437.71041620399495	0.0021411650000000004	0.0008419170000000004
438.133797603155	0.0021298735000000006	0.0008532665000000005
438.55719278788365	0.002126027000000001	0.0008634735000000004
438.9806023681287	0.0021058870000000007	0.0008392125000000005
439.4040269570464	0.002090744500000001	0.0008516725000000005
439.8274671710021	0.002078720000000001	0.0008454325000000004
440.25092362956974	0.0020648010000000007	0.0008362600000000006
440.67439695553225	0.0020607165000000012	0.0008275100000000005
441.09788777488103	0.0020437980000000007	0.0008284230000000005
441.5213967168166	0.0020459480000000006	0.0008316380000000005
441.9449244137478	0.0020401680000000006	0.0008152840000000005
442.3684715012927	0.0020344490000000007	0.0008368060000000005
442.7920386182777	0.0020103115000000005	0.0008259365000000005
443.2156264067384	0.0020085420000000007	0.0008352560000000005
443.63923551191886	0.001977755500000001	0.0008174715000000004
444.06286658227214	0.0019976265000000008	0.0008095860000000005
444.48652026946	0.0019774210000000005	0.0007988065000000005
444.9101972283527	0.0019632755000000006	0.0008112755000000005
445.3338981170298	0.0019389610000000008	0.0008390665000000005
445.757623596779	0.0018966940000000009	0.0008316725000000005
446.18137433209733	0.0018789675000000007	0.0008223650000000004
446.6051509906902	0.0018606215000000008	0.0008304615000000004
447.02895424347236	0.0018320245000000006	0.0008104460000000004
447.45278476456656	0.001819714000000001	0.0008226640000000003
447.8766432313045	0.0017977605000000008	0.0007984915000000004
448.30053032422734	0.0017885345000000006	0.0008275005000000003
448.7244467270843	0.0017627355000000007	0.0008252365000000004
449.1483931268335	0.0017333945000000007	0.0008345950000000004
449.57237021364216	0.0017332180000000008	0.0008297155000000004
449.99637868088564	0.0016913100000000006	0.0008102940000000005
450.42041922514875	0.0016750640000000006	0.0008359380000000004
450.8444925462248	0.0016573625000000005	0.0008313205000000004
451.2685993471157	0.0016488225000000007	0.0008257260000000004
451.6927403340324	0.0016356815000000005	0.0008123040000000005
452.1169162163944	0.0016257510000000008	0.0007905255000000004
452.54112770683	0.0016182565000000008	0.0008047775000000004
452.96537552117667	0.0016033395000000007	0.0008074530000000005
453.3896603784799	0.0016153685000000009	0.0007962600000000006
453.81398300099465	0.001600438000000001	0.0007848770000000006
454.23834411418443	0.001597532000000001	0.0007886785000000005
454.66274444672143	0.0015866385000000006	0.0008017435000000005
455.08718473048646	0.0015881195000000006	0.0007857000000000005
455.5116657005695	0.0015873320000000008	0.0007744110000000005
455.93618809526913	0.0015752545000000007	0.0007677890000000005
456.3607526560923	0.0015930020000000007	0.0007643445000000005
456.7853601277555	0.0015780385000000007	0.0007388835000000005
457.2100112581836	0.0015722510000000006	0.0007441905000000005
457.6347067985101	0.0015735280000000007	0.0007350015000000005
458.0594475030774	0.0015357910000000008	0.0007652685000000005
458.48423412943646	0.0015188605000000007	0.0007793290000000005
458.9090674383477	0.0015059250000000008	0.0007640345000000004
459.3339481937793	0.0014862725000000009	0.0007540400000000005
459.7588771629092	0.0015010100000000008	0.0007231045000000004
460.1838551161235	0.0014726390000000008	0.0007322105000000005
460.60888282701706	0.0014441025000000007	0.0007648920000000005
461.033961072394	0.0014428870000000008	0.0007376335000000004
461.45909063226657	0.0014350385000000006	0.0007457770000000004
461.8842722898563	0.0014080080000000007	0.0007302025000000004
462.3095068315934	0.0014067495000000007	0.0007393920000000004
462.7347950471165	0.0013938740000000007	0.0007404675000000004
463.1601377292736	0.0013907295000000007	0.0007280720000000004
463.5855356741208	0.0013525460000000007	0.0007399595000000004
464.0109896809235	0.0013283210000000008	0.0007443045000000004
464.4365005521555	0.0013108495000000008	0.0007265240000000004
464.86206909349977	0.0012702450000000006	0.0007160260000000004
465.2876961138475	0.0012666415000000008	0.0007033380000000004
465.71338242529924	0.0012683940000000008	0.0006948940000000004
466.1391288431641	0.0012652065000000007	0.0006913765000000004
466.56493618596	0.0012766805000000007	0.0006596820000000004
466.99080527541287	0.0012680335000000006	0.0006589560000000004
467.4167369364589	0.0012512225000000008	0.0006527750000000004
467.8427319972418	0.0012537580000000006	0.0006658170000000004
468.2687912891145	0.0012112010000000007	0.0006960765000000004
468.69491564663895	0.0012225220000000006	0.0006803120000000004
469.1211059075853	0.001225336000000001	0.0006590400000000004
469.54736291293284	0.0012051105000000007	0.0006697045000000004
469.97368750686974	0.0011919750000000007	0.0006482185000000004
470.4000805367926	0.0011800880000000006	0.0006455565000000004
470.82654285330716	0.0011758600000000008	0.0006145615000000004
471.2530753102274	0.0011563665000000006	0.0006128110000000003
471.67967876457675	0.0011350625000000007	0.0005999040000000003
472.10635407658685	0.0011434800000000008	0.0005824045000000003
472.53310210969846	0.0011265615000000007	0.0005896785000000003
472.9599237305609	0.0011097305000000008	0.0005957980000000004
473.38681980903243	0.0011075645000000007	0.0005976515000000003
473.81379121817986	0.0010710545000000007	0.0006086485000000004
474.2408388342791	0.0010355025000000008	0.0006015280000000003
474.66796353681434	0.0010300415000000008	0.0005967505000000004
475.0951662084791	0.0010170785000000006	0.0005994110000000003
475.5224477351753	0.0010090850000000007	0.0005916380000000003
475.9498090060139	0.0009892065000000007	0.0005863750000000003
476.3772509133142	0.0009547620000000007	0.0005618230000000004
476.8047743526046	0.0009545150000000006	0.0005422475000000003
477.2323802226223	0.0009324545000000007	0.0005366775000000003
477.6600694253133	0.0008999545000000007	0.0005187860000000004
478.087842865832	0.0008826300000000007	0.0005054455000000004
478.5157014525421	0.0008768895000000008	0.0004997670000000004
478.9436460970156	0.0008680275000000008	0.00048342300000000035
479.3716777140336	0.0008597310000000007	0.0004806680000000004
479.7997972215856	0.0008367410000000008	0.00046384450000000043
480.2280055408704	0.0008319730000000007	0.0004740790000000004
480.6563035962952	0.0008003665000000008	0.0004766295000000005
481.0846923154759	0.0007618260000000008	0.00048442700000000044
481.5131726292374	0.0007537325000000008	0.00046627100000000047
481.94174547161344	0.0007356995000000007	0.0004735595000000004
482.3704117798464	0.0007344265000000008	0.00046398950000000043
482.79917249438734	0.0007342505000000007	0.0004411990000000005
483.22802855889614	0.0007104900000000007	0.00043392650000000045
483.65698092024127	0.0007040250000000007	0.00039955050000000053
484.0860305285006	0.0007061640000000007	0.0004027690000000005
484.51517833696016	0.0007140490000000007	0.00038440500000000053
484.94442530211495	0.0007257830000000007	0.00040420450000000046
485.3737723836688	0.0007031475000000007	0.0003918335000000005
485.80322054453404	0.0006742265000000007	0.0004011005000000005
486.23277075083234	0.0006754190000000007	0.00040114750000000047
486.66242397189365	0.0006682045000000008	0.0003855795000000005
487.0921811802564	0.0006516945000000007	0.0003772745000000005
487.52204335166886	0.0006239250000000007	0.00039758050000000047
487.9520114650871	0.0006009570000000007	0.00040336650000000044
488.3820865026764	0.0005979235000000007	0.00041629150000000044
488.8122694498105	0.0005933930000000007	0.00040946250000000047
489.2425612950723	0.0005768290000000007	0.0004016260000000004
489.6729630302533	0.0005827185000000007	0.00038036200000000046
490.1034756503537	0.0005820945000000007	0.0003781965000000004
490.53410015358224	0.0005851135000000008	0.00036022900000000043
490.9648375413574	0.0005540570000000008	0.0003516680000000004
491.39568881830513	0.0005518930000000008	0.0003632770000000004
491.826654992261	0.0005265175000000006	0.0003424925000000004
492.25773707426913	0.0005163845000000007	0.00036420550000000043
492.6889360785823	0.0004981745000000007	0.0003571920000000004
493.12025302266227	0.00047055950000000066	0.0003726525000000004
493.55168892717944	0.0004286385000000007	0.0003401110000000004
493.9832448160131	0.0004184265000000007	0.0003481595000000004
494.414921716251	0.0004166830000000007	0.00033401450000000043
494.8467206581899	0.00041823800000000073	0.0003232005000000004
495.2786426753355	0.00039920650000000075	0.0003366850000000004
495.71068880440214	0.0003875080000000007	0.0003510250000000004
496.1428600853126	0.0003843180000000007	0.00033770150000000037
496.57515756119886	0.0003785675000000007	0.0003273390000000004
497.0075822784015	0.0003701100000000007	0.00031502150000000035
497.44013528646974	0.0003639170000000007	0.00030015800000000035
497.87281763816213	0.0003827570000000007	0.0002978255000000004
498.3056303894451	0.00038349650000000076	0.00029429350000000044
498.7385745994944	0.0003721160000000008	0.00028435500000000046
499.1716513306949	0.0003328890000000007	0.0002835435000000004
499.60486164863926	0.00033728550000000076	0.00028724750000000046
500.0382066221303	0.00032323550000000077	0.00028011900000000044
500.47168732317743	0.00031317650000000074	0.0002913005000000005
500.9053048270017	0.0002838725000000007	0.00027182900000000045
501.3390602120305	0.00025699800000000074	0.0002818695000000004
501.77295455990105	0.00024163950000000075	0.0002995225000000004
502.20698895545934	0.0002674770000000008	0.0003052895000000004
502.64116448675986	0.00028071100000000076	0.0002783995000000004
503.07548224506627	0.00028017650000000075	0.00027461550000000047
503.50994332485044	0.0002762940000000007	0.00027303150000000046
503.9445488237933	0.0002888995000000007	0.00026435200000000047
504.3792998427849	0.0002893255000000007	0.0002624210000000005
504.8141974859235	0.00027352750000000074	0.00028334200000000045
505.2492428605163	0.0002899805000000007	0.0002868175000000004
505.6844370770792	0.00030175950000000074	0.00026519950000000037
506.1197812493373	0.00028235800000000073	0.00027260900000000037
506.55527649422436	0.00025982050000000073	0.0002799805000000004
506.9909239318819	0.0002534915000000007	0.00027044850000000034
507.42672468566184	0.0002442135000000008	0.0002879600000000003
507.8626798821234	0.0002579665000000007	0.00029720100000000036
508.2987906510357	0.0002554225000000007	0.00030786550000000033
508.73505812537627	0.0002627910000000007	0.0003087595000000003
509.1714834413309	0.0002592930000000007	0.00030398150000000027
509.60806773829484	0.00027671400000000077	0.00029025100000000027
510.04481215887154	0.0002905245000000007	0.00027626950000000027
510.481717848874	0.00029213150000000077	0.00025490050000000024
510.9187859573228	0.0002779230000000007	0.00024370550000000024
511.35601763644866	0.00025834000000000073	0.00027336900000000025
511.79341404168974	0.00025576850000000073	0.00028287200000000026
512.2309763316944	0.00026054350000000073	0.00027899850000000025
512.6687056683184	0.0002390275000000007	0.0002763970000000003
513.1066032166273	0.0002378305000000007	0.00026819400000000024
513.5446701448946	0.0002541565000000007	0.00025402900000000034
513.9829076246031	0.0002134670000000007	0.00024470950000000035
